states 10
actions 5
tran 0 0 8 0.1667640789100624 0.2982151636496814
tran 0 0 9 0.8162257703906703 0.24398780864820727
tran 0 0 1 0.009373711634780513 0.0988414581101522
tran 0 0 2 -0.43632431120059234 0.3589555695919591
tran 0 1 7 -0.2924173409615185 0.1547453621983288
tran 0 1 6 -0.3676066009568131 0.182241398664566
tran 0 1 8 0.2808468030841804 0.021770097081512473
tran 0 1 3 -0.5910445009677654 0.32105334316674333
tran 0 1 9 0.10504735226943751 0.3201897988888493
tran 0 2 4 -0.6178658169952189 1.0
tran 0 3 4 0.10253449218110244 0.40196621352078515
tran 0 3 1 0.4131228197337793 0.5980337864792148
tran 0 4 2 -0.419340995194484 0.15253332662467048
tran 0 4 5 -0.6212173428912877 0.028751978055668943
tran 0 4 1 -0.6265409434888898 0.24250226830821325
tran 0 4 6 0.22554635973721338 0.28064638730760894
tran 0 4 7 0.31331877797925767 0.2955660397038383
tran 1 0 0 -0.09887378673768965 1.0
tran 1 1 6 0.46297844158169554 0.4089396792131895
tran 1 1 8 -0.765731413582964 0.1711428900822306
tran 1 1 0 -0.559078926264343 0.4199174307045798
tran 1 2 1 0.26999981982291654 1.0
tran 1 3 7 0.4362266529186838 0.25399348874668726
tran 1 3 8 -0.04153269215559208 0.2896326634036529
tran 1 3 3 0.45431045890966937 0.39011396036291907
tran 1 3 4 -0.8778302082871028 0.03267085574567472
tran 1 3 5 0.35869438980195767 0.033589031741066186
tran 1 4 1 0.3986462501918546 0.3972028090440481
tran 1 4 9 -0.2174476057387027 0.20651422205251335
tran 1 4 7 -0.47973349156148304 0.3962829689034386
tran 2 0 7 -0.7655743122578951 0.2413138236030899
tran 2 0 9 0.8428367889272277 0.23453274353768172
tran 2 0 8 0.3312116440358681 0.24598222009620058
tran 2 0 4 -0.9735924829300433 0.1739772914649709
tran 2 0 1 0.3625613512084691 0.10419392129805692
tran 2 1 1 0.08863899530296271 0.27293322133085995
tran 2 1 4 -0.7303247863034845 0.34561421615267435
tran 2 1 6 0.5243333124090632 0.3814525625164657
tran 2 2 1 0.3971653779506934 0.22317687666434208
tran 2 2 8 -0.6798404419509179 0.28967611323677134
tran 2 2 7 -0.5538043582826944 0.010448917201204706
tran 2 2 0 -0.10372934671270762 0.28873227762775294
tran 2 2 6 0.42069995217656175 0.18796581526992895
tran 2 3 0 0.8160797143191831 1.0
tran 2 4 1 0.6748967874877803 1.0
tran 3 0 7 -0.6190801394149081 1.0
tran 3 1 7 0.8277622230794754 0.31101073941983604
tran 3 1 1 0.5996491133025517 0.688989260580164
tran 3 2 6 0.11671147219409383 0.20133219809037053
tran 3 2 8 0.8930051083399919 0.18848311771515414
tran 3 2 3 0.8768775994698372 0.17613043825987562
tran 3 2 4 0.8197023548102049 0.1914482247112964
tran 3 2 9 -0.9159909360653176 0.24260602122330327
tran 3 3 6 -0.6979536522720244 0.2906334741648766
tran 3 3 9 -0.3331832239402672 0.533173579338498
tran 3 3 0 0.5792463178515652 0.035402054721710055
tran 3 3 7 0.4369988455430791 0.14079089177491527
tran 3 4 7 0.8675081588068061 0.36560142581271554
tran 3 4 3 -0.38424047560115393 0.13092693020954987
tran 3 4 8 0.714073159144077 0.04754072107380334
tran 3 4 0 0.4573214958736729 0.24539268090751973
tran 3 4 2 -0.39465867872284144 0.21053824199641147
tran 4 0 2 -0.3298361787982138 0.10835303661596504
tran 4 0 8 0.3742209806203809 0.36722698343543086
tran 4 0 6 -0.6886717987106914 0.5244199799486041
tran 4 1 6 -0.21238409643658107 1.0
tran 4 2 4 -0.1375579507359117 0.25681065346946624
tran 4 2 9 -0.2829592359809221 0.3303438732835884
tran 4 2 8 -0.8722841021123426 0.16521087465617146
tran 4 2 5 0.7271578886040848 0.24763459859077389
tran 4 3 3 -0.7907406211201842 1.0
tran 4 4 0 0.7553131658021903 0.2443718335266958
tran 4 4 6 -0.009188150177622534 0.37773613972655967
tran 4 4 9 0.8340933455196302 0.3778920267467445
tran 5 0 1 0.7489665188920782 0.29146066962123723
tran 5 0 9 0.20517342961082696 0.7085393303787628
tran 5 1 3 -0.3991034177648256 0.34050580194352426
tran 5 1 2 0.5177974528663558 0.3163050817420735
tran 5 1 6 -0.1028218071074134 0.3431891163144023
tran 5 2 1 0.49393077830026555 0.2219091440214969
tran 5 2 3 0.8115614467057326 0.30608964847066195
tran 5 2 2 -0.5877903358688334 0.17875885275422773
tran 5 2 9 0.07083260865716201 0.2932423547536135
tran 5 3 6 -0.334628372406649 0.4533029026334992
tran 5 3 4 -0.012979956569024731 0.22543067064844244
tran 5 3 8 -0.4759849318422822 0.2251488235466887
tran 5 3 2 0.6500406757415067 0.09611760317136957
tran 5 4 2 0.7799229750532684 0.10459818256221602
tran 5 4 1 0.20393341358287254 0.895401817437784
tran 6 0 2 -0.9595438535144112 0.19361302292666266
tran 6 0 5 0.19660052087009583 0.4184618516476424
tran 6 0 1 -0.7345960940425651 0.38792512542569485
tran 6 1 8 0.9389708441872837 0.2587357018110905
tran 6 1 9 0.42723377975877286 0.7412642981889096
tran 6 2 9 -0.2868923725253534 0.047478128092850944
tran 6 2 8 0.26402682178228454 0.3032781358282935
tran 6 2 6 0.9129950708842411 0.03165471867297104
tran 6 2 2 0.8038550456507441 0.6175890174058846
tran 6 3 6 0.890971096060349 0.06186060060737623
tran 6 3 1 -0.7086191560928488 0.03715418365009246
tran 6 3 2 0.7836842174233938 0.2451413127362757
tran 6 3 7 -0.15588696415900327 0.09220635609972469
tran 6 3 4 -0.831935883525688 0.5636375469065309
tran 6 4 4 -0.7572440004460022 0.41038378730472325
tran 6 4 8 0.3835503016319499 0.11392776404826205
tran 6 4 1 -0.30910978692952207 0.18080792473890298
tran 6 4 7 -0.6441846786444749 0.2948805239081119
tran 7 0 7 0.3789329532481731 0.6213816390539587
tran 7 0 2 0.865576067639116 0.37861836094604134
tran 7 1 6 -0.32997367570742386 0.3559835543711829
tran 7 1 4 0.9218142076228855 0.2104121928602683
tran 7 1 3 -0.40730671678294494 0.3816041720932883
tran 7 1 0 0.7568206184826476 0.05200008067526055
tran 7 2 7 -0.5266856140664458 0.2824449005153169
tran 7 2 0 -0.6321111576101257 0.18500600709775764
tran 7 2 6 -0.2550761488112008 0.3298760650930287
tran 7 2 8 0.326391027066941 0.06202252809079957
tran 7 2 5 0.7219492067729503 0.14065049920309702
tran 7 3 7 0.2740890227099049 0.3594603862565013
tran 7 3 8 0.05841459420110451 0.3367803904642794
tran 7 3 3 -0.247136497369018 0.16490238208773833
tran 7 3 1 -0.9831447837170144 0.13885684119148098
tran 7 4 5 0.8565364241417781 0.4404279403752851
tran 7 4 3 -0.6292386238628516 0.15623897583643234
tran 7 4 6 -0.1565913791698741 0.24021845583689377
tran 7 4 7 -0.6505255960232368 0.16311462795138876
tran 8 0 1 -0.4028797579637584 1.0
tran 8 1 9 -0.4398232306232215 0.7483802197595151
tran 8 1 1 0.968030274236491 0.03433749873483482
tran 8 1 4 -0.7583367784309627 0.2172822815056501
tran 8 2 3 0.19081983097283883 0.23278294308964126
tran 8 2 8 -0.9290980686179451 0.10934646745464982
tran 8 2 1 0.5844729432834206 0.4039251017917338
tran 8 2 4 -0.38879213432016013 0.07181026731321191
tran 8 2 2 -0.3202191871675131 0.18213522035076335
tran 8 3 3 0.48285412458405275 0.385197355837486
tran 8 3 7 0.8080914585020753 0.4947995852079479
tran 8 3 5 -0.442770804580239 0.12000305895456619
tran 8 4 0 0.4846909406052142 1.0
tran 9 0 4 -0.8951882438758727 0.5955635285909789
tran 9 0 1 0.2422843905644705 0.006776474978055315
tran 9 0 6 -0.9489064014643229 0.3531160937322469
tran 9 0 2 -0.05694226338019903 0.044543902698718954
tran 9 1 3 0.4541999086845796 1.0
tran 9 2 9 -0.15658021497719066 0.18738541799283395
tran 9 2 7 0.7944019539277509 0.04619663098505585
tran 9 2 0 -0.12945945340366238 0.32546102581194974
tran 9 2 5 -0.10541620950055042 0.15877237378659367
tran 9 2 2 0.41765551488847596 0.2821845514235668
tran 9 3 4 0.8116442171983063 0.1802432963744656
tran 9 3 2 -0.9334415162499361 0.3683893565910596
tran 9 3 0 0.2663515967824617 0.33583632295774163
tran 9 3 3 0.7420187471323589 0.11553102407673317
tran 9 4 5 0.16192027113739194 0.41024576284005426
tran 9 4 8 -0.019595872539994064 0.5063275630326401
tran 9 4 0 0.40823363476473773 0.08342667412730556
gamma  0.8
